Table 8.1: AIC for ARMA(p, q), differenced series
             0         1         2         3         4         5
   0               5.554     5.251     5.255     5.246     5.241
   1     5.346     5.195     5.215     5.198     5.203     5.215
   2     5.275     5.215     5.226     5.210     5.184     5.199
   3     5.172     5.191     5.208     5.224     5.200     5.220
   4     5.191     5.210     5.230     5.243     5.200     5.234
   5     5.211     5.229     5.187     5.206     5.163     5.179

Table 8.2: the same with 14 observations missing
             0         1         2         3         4         5
   0               4.939     4.687     4.686     4.673     4.683
   1     4.704     4.622     4.640     4.633     4.638     4.657
   2     4.671     4.641     4.651     4.641     4.639     4.651
   3     4.605     4.625     4.643     4.661     4.630     4.679
   4     4.625     4.642     4.659     4.677     4.640     4.656
   5     4.641     4.659     4.652     4.694     4.657     4.676

ARMA(1, 1) forecasts with 50% intervals, series with missing observations
    t  forecast     lower     upper
  100    -0.714    -2.890     1.462
  101    -0.469    -3.766     2.829
  102    -0.308    -3.984     3.369
  103    -0.202    -4.030     3.627
  104    -0.132    -4.024     3.759
  105    -0.087    -4.006     3.832
  106    -0.057    -3.988     3.873
  107    -0.037    -3.973     3.898
  108    -0.025    -3.962     3.913
  109    -0.016    -3.955     3.922
