sigma2_eps, sigma2_zeta:   5.0972E+02  4.8174E+01
psi = log lambda:   -2.359  (se  0.441)
lambda:   0.0945  95% interval  0.040 to  0.224
AIC:    9.421

    time     accel    spline     lower     upper
     2.4      0.00     -1.08    -26.06     23.89
     8.8     -1.30     -1.45    -16.19     13.28
    13.8      0.00     -8.08    -20.78      4.61
    15.4    -53.50    -32.36    -41.34    -23.38
    16.2    -61.70    -49.52    -58.33    -40.72
    17.6   -101.90    -80.01    -90.38    -69.65
    20.4   -117.90   -114.89   -128.30   -101.48
    24.6    -53.50    -77.48    -89.48    -65.47
    27.0    -16.00    -21.90    -33.47    -10.34
    30.2     36.20     31.03     15.66     46.41
    35.2    -16.00     20.76      7.77     33.75
    39.4     -1.30      4.19    -11.87     20.26
    44.4      0.00      2.35    -14.48     19.17
    55.0     10.70      1.41    -18.61     21.42
