CONVERGENCE: REL_REDUCTION_OF_F_<=_FACTR*EPSMCH
lambda:     0.0789   sigma2:    0.00351
Phi:
    0.994   -0.002   -0.003
   -0.007    0.941    0.066
   -0.011   -0.026    0.963
Sigma_eta (lower triangle):
    0.065
   -0.050    0.069
    0.070   -0.040    0.244
log likelihood:     1348.475
collapsed log likelihood - full:   6.82E-13
largest smoothed factor difference:   1.65E-12

 month     level       10y     slope    3m-10y      curv     proxy
     1    11.923    11.380    -4.290    -3.360    -0.358     0.460
    25     7.392     7.080    -1.869    -1.500    -1.358    -0.200
    49     8.969     9.090    -0.575    -0.530     1.628     0.710
    73     8.495     8.090    -2.103    -1.680    -1.615    -0.240
    97     7.489     6.600    -4.530    -3.530    -3.763    -0.890
   121     7.736     7.780    -2.203    -1.880     2.542     1.340
   145     6.693     6.580    -1.752    -1.410     0.224     0.270
   169     4.822     4.720    -0.355    -0.270    -0.312     0.070
